---[]---
             precision    recall  f1-score   support

        3.0       0.00      0.00      0.00       120
        5.0       0.00      0.00      0.00       111
        6.0       0.00      0.00      0.00       135
        8.0       0.24      1.00      0.39       116

avg / total       0.06      0.24      0.09       482

---[]---
             precision    recall  f1-score   support

        3.0       0.00      0.00      0.00       120
        5.0       0.00      0.00      0.00       111
        6.0       1.00      0.01      0.01       135
        8.0       0.24      1.00      0.39       116

avg / total       0.34      0.24      0.10       482

---[]---
             precision    recall  f1-score   support

        3.0       0.00      0.00      0.00       120
        5.0       0.00      0.00      0.00       111
        6.0       0.75      0.02      0.04       135
        8.0       0.24      1.00      0.39       116

avg / total       0.27      0.25      0.11       482

---[]---
             precision    recall  f1-score   support

        3.0       0.00      0.00      0.00       120
        5.0       0.00      0.00      0.00       111
        6.0       0.00      0.00      0.00       135
        8.0       0.24      1.00      0.39       116

avg / total       0.06      0.24      0.09       482

---[]---
             precision    recall  f1-score   support

        3.0       0.00      0.00      0.00       120
        5.0       0.00      0.00      0.00       111
        6.0       1.00      0.01      0.01       135
        8.0       0.24      1.00      0.39       116

avg / total       0.34      0.24      0.10       482

---[]---
             precision    recall  f1-score   support

        3.0       0.00      0.00      0.00       120
        5.0       0.00      0.00      0.00       111
        6.0       0.75      0.02      0.04       135
        8.0       0.24      1.00      0.39       116

avg / total       0.27      0.25      0.11       482

